10 0
1010 0
2010 0
3010 0
4010 0
5010 0
6010 0
7010 0
8010 0
9010 0
10010 0
11010 0
12010 0
13010 0
14010 0
15010 0
16010 0
17010 0
18010 0
19010 0
20010 0
21010 0
22010 0
23010 0
24010 0
25010 0
26010 0
27010 0
28010 0.016
29010 0
30010 0
31010 0.016
32010 0
33010 0
34010 0
35010 0.016
36010 0
37010 0
38010 0
39010 0
40010 0.015
41010 0.016
42010 0.016
43010 0.015
44010 0.016
45010 0.016
46010 0
47010 0
48010 0
49010 0
50010 0
51010 0.015
52010 0
53010 0
54010 0.016
55010 0
56010 0
57010 0.016
58010 0
59010 0.016
60010 0
61010 0.016
62010 0
63010 0.016
64010 0
65010 0.016
66010 0.016
67010 0
68010 0.016
69010 0.015
70010 0
71010 0
72010 0.015
73010 0.016
74010 0.016
75010 0
76010 0.016
77010 0.015
78010 0.016
79010 0
80010 0
81010 0
82010 0
83010 0.015
84010 0.015
85010 0
86010 0.016
87010 0.015
88010 0.016
89010 0
90010 0.015
91010 0.015
92010 0.016
93010 0.016
94010 0
95010 0.016
96010 0.016
97010 0.015
98010 0.016
99010 0.016
100010 0.015
101010 0.032
102010 0.032
103010 0.031
104010 0.032
105010 0.032
106010 0.031
107010 0.032
108010 0.031
109010 0.031
110010 0.031
111010 0.031
112010 0.031
113010 0.032
114010 0.031
115010 0.031
116010 0.032
117010 0.047
118010 0.031
119010 0.032
120010 0.031
121010 0.047
122010 0.047
123010 0.015
124010 0.015
125010 0.032
126010 0.016
127010 0.016
128010 0.032
129010 0.016
130010 0.015
131010 0.016
132010 0.031
133010 0.015
134010 0.016
135010 0.015
136010 0.032
137010 0.016
138010 0.016
139010 0.016
140010 0.015
141010 0.016
142010 0.015
143010 0.031
144010 0.031
145010 0.032
146010 0.015
147010 0.016
148010 0.015
149010 0.015
150010 0.016
151010 0.015
152010 0.031
153010 0.031
154010 0.016
155010 0.016
156010 0.031
157010 0.015
158010 0.031
159010 0.016
160010 0.031
161010 0.015
162010 0.031
163010 0.016
164010 0.016
165010 0.031
166010 0.032
167010 0.015
168010 0.031
169010 0.016
170010 0.031
171010 0.031
172010 0.032
173010 0.032
174010 0.031
175010 0.047
176010 0.062
177010 0.047
178010 0.047
179010 0.047
180010 0.063
181010 0.062
182010 0.063
183010 0.062
184010 0.063
185010 0.063
186010 0.062
187010 0.063
188010 0.063
189010 0.063
190010 0.062
191010 0.062
192010 0.062
193010 0.063
194010 0.031
195010 0.031
196010 0.031
197010 0.031
198010 0.031
199010 0.031
200010 0.031
201010 0.047
202010 0.047
203010 0.031
204010 0.032
205010 0.031
206010 0.031
207010 0.032
208010 0.031
209010 0.031
210010 0.031
211010 0.032
212010 0.031
213010 0.031
214010 0.046
215010 0.031
216010 0.031
217010 0.032
218010 0.047
219010 0.031
220010 0.032
221010 0.047
222010 0.047
223010 0.047
224010 0.032
225010 0.031
226010 0.032
227010 0.031
228010 0.031
229010 0.078
230010 0.078
231010 0.078
232010 0.078
233010 0.078
234010 0.078
235010 0.078
236010 0.094
237010 0.094
238010 0.094
239010 0.094
240010 0.078
241010 0.078
242010 0.078
243010 0.078
244010 0.031
245010 0.031
246010 0.031
247010 0.032
248010 0.047
249010 0.047
250010 0.031
251010 0.031
252010 0.046
253010 0.031
254010 0.047
255010 0.047
256010 0.032
257010 0.047
258010 0.047
259010 0.032
260010 0.047
261010 0.047
262010 0.031
263010 0.046
264010 0.046
265010 0.047
266010 0.046
267010 0.031
268010 0.046
269010 0.047
270010 0.047
271010 0.031
272010 0.094
273010 0.093
274010 0.094
275010 0.079
276010 0.094
277010 0.094
278010 0.093
279010 0.078
280010 0.078
281010 0.047
282010 0.031
