10 0
1010 0
2010 0
3010 0
4010 0
5010 0
6010 0.016
7010 0
8010 0
9010 0.016
10010 0
11010 0
12010 0
13010 0
14010 0
15010 0.015
16010 0.016
17010 0
18010 0
19010 0.015
20010 0.016
21010 0
22010 0
23010 0
24010 0
25010 0
26010 0
27010 0.015
28010 0.016
29010 0.016
30010 0.015
31010 0.015
32010 0.016
33010 0.016
34010 0.016
35010 0.016
36010 0.016
37010 0.016
38010 0.031
39010 0.016
40010 0.015
41010 0.015
42010 0.016
43010 0.016
44010 0.031
45010 0.031
46010 0.032
47010 0.031
48010 0.031
49010 0.031
50010 0.016
51010 0.016
52010 0.031
53010 0.031
54010 0.031
55010 0.031
56010 0.031
57010 0.031
58010 0.015
59010 0.031
60010 0.031
61010 0.032
62010 0.031
63010 0.031
64010 0.031
65010 0.015
66010 0.031
67010 0.031
68010 0.031
69010 0.031
70010 0.046
71010 0.063
72010 0.062
73010 0.078
74010 0.078
75010 0.078
76010 0.078
77010 0.093
78010 0.078
79010 0.078
80010 0.078
81010 0.094
82010 0.125
83010 0.094
84010 0.093
85010 0.094
86010 0.109
87010 0.094
88010 0.078
89010 0.109
90010 0.094
91010 0.078
92010 0.093
93010 0.093
94010 0.094
95010 0.094
96010 0.11
97010 0.062
98010 0.047
99010 0.047
100010 0.047
101010 0.047
102010 0.047
103010 0.062
104010 0.047
105010 0.062
106010 0.047
107010 0.047
108010 0.046
109010 0.047
110010 0.047
111010 0.047
112010 0.047
113010 0.047
114010 0.062
115010 0.062
116010 0.062
117010 0.047
118010 0.062
119010 0.046
120010 0.062
121010 0.062
122010 0.046
123010 0.062
124010 0.063
125010 0.047
126010 0.063
127010 0.063
128010 0.047
129010 0.062
130010 0.062
131010 0.063
132010 0.047
133010 0.063
134010 0.063
135010 0.062
136010 0.062
137010 0.063
138010 0.063
139010 0.14
140010 0.141
141010 0.14
142010 0.141
143010 0.141
144010 0.141
145010 0.157
146010 0.156
147010 0.156
148010 0.156
149010 0.157
150010 0.156
151010 0.156
152010 0.141
153010 0.172
154010 0.094
155010 0.062
156010 0.063
157010 0.062
158010 0.078
159010 0.078
160010 0.078
161010 0.078
162010 0.078
163010 0.079
164010 0.094
165010 0.078
166010 0.094
167010 0.094
168010 0.078
169010 0.078
170010 0.078
171010 0.078
172010 0.078
173010 0.078
174010 0.093
175010 0.078
176010 0.078
177010 0.078
178010 0.078
179010 0.094
180010 0.078
181010 0.078
182010 0.125
183010 0.188
184010 0.188
185010 0.187
186010 0.203
187010 0.187
188010 0.203
189010 0.187
190010 0.141
191010 0.093
192010 0.094
193010 0.094
194010 0.109
195010 0.094
196010 0.078
197010 0.094
198010 0.094
199010 0.094
200010 0.094
201010 0.094
202010 0.094
203010 0.093
204010 0.11
205010 0.11
206010 0.093
207010 0.11
208010 0.109
209010 0.094
210010 0.11
211010 0.093
212010 0.094
213010 0.109
214010 0.219
215010 0.219
216010 0.235
217010 0.234
218010 0.219
219010 0.219
220010 0.234
221010 0.11
222010 0.109
223010 0.11
224010 0.109
225010 0.109
226010 0.109
227010 0.109
228010 0.109
229010 0.11
230010 0.109
231010 0.109
232010 0.11
233010 0.125
234010 0.125
235010 0.125
236010 0.11
237010 0.11
238010 0.125
239010 0.125
240010 0.11
241010 0.25
242010 0.266
243010 0.25
244010 0.265
245010 0.25
246010 0.266
247010 0.125
248010 0.125
249010 0.125
250010 0.125
251010 0.125
252010 0.125
253010 0.125
254010 0.109
255010 0.125
256010 0.125
257010 0.125
258010 0.125
259010 0.125
260010 0.14
261010 0.125
262010 0.125
263010 0.125
264010 0.125
265010 0.266
266010 0.281
267010 0.281
268010 0.281
269010 0.265
270010 0.25
271010 0.14
272010 0.125
273010 0.141
274010 0.125
275010 0.141
276010 0.14
277010 0.125
278010 0.125
279010 0.157
280010 0.141
281010 0.156
282010 0.297
283010 0.296
284010 0.281
285010 0.297
286010 0.297
287010 0.14
288010 0.14
289010 0.141
290010 0.141
291010 0.141
292010 0.125
293010 0.14
294010 0.156
295010 0.156
296010 0.157
297010 0.14
298010 0.14
299010 0.141
300010 0.156
301010 0.156
302010 0.25
303010 0.328
304010 0.328
305010 0.328
306010 0.312
307010 0.172
308010 0.156
309010 0.156
310010 0.157
311010 0.156
312010 0.156
313010 0.156
314010 0.157
315010 0.156
316010 0.156
317010 0.157
318010 0.156
319010 0.156
320010 0.156
321010 0.156
322010 0.343
323010 0.343
324010 0.344
325010 0.344
326010 0.203
327010 0.172
328010 0.156
329010 0.171
330010 0.156
331010 0.172
332010 0.156
333010 0.172
334010 0.172
335010 0.172
336010 0.172
337010 0.187
338010 0.171
339010 0.172
340010 0.359
341010 0.375
342010 0.36
343010 0.375
344010 0.172
345010 0.172
346010 0.187
347010 0.172
348010 0.188
349010 0.172
350010 0.172
351010 0.172
352010 0.172
353010 0.171
354010 0.172
355010 0.172
356010 0.172
357010 0.375
358010 0.406
359010 0.391
360010 0.5
361010 0.188
362010 0.219
363010 0.203
364010 0.188
365010 0.187
366010 0.187
367010 0.219
368010 0.187
369010 0.187
370010 0.188
371010 0.203
372010 0.25
373010 0.39
374010 0.438
375010 0.406
376010 0.266
377010 0.187
378010 0.188
379010 0.188
380010 0.188
381010 0.188
382010 0.203
383010 0.203
384010 0.407
385010 0.422
386010 0.422
387010 0.406
388010 0.188
389010 0.188
390010 0.203
391010 0.203
392010 0.203
393010 0.188
394010 0.203
395010 0.203
396010 0.204
397010 0.203
398010 0.203
399010 0.359
400010 0.437
401010 0.453
402010 0.454
403010 0.203
404010 0.219
405010 0.203
406010 0.204
407010 0.203
408010 0.203
409010 0.203
410010 0.219
411010 0.219
412010 0.219
413010 0.281
414010 0.437
415010 0.453
416010 0.453
417010 0.203
418010 0.203
419010 0.219
420010 0.219
421010 0.219
422010 0.219
423010 0.203
424010 0.407
425010 0.469
426010 0.468
427010 0.375
428010 0.234
429010 0.219
430010 0.219
431010 0.219
432010 0.234
433010 0.234
434010 0.219
435010 0.218
436010 0.218
437010 0.219
438010 0.469
439010 0.5
440010 0.516
441010 0.218
442010 0.219
443010 0.234
444010 0.218
445010 0.219
446010 0.234
447010 0.218
448010 0.234
449010 0.218
450010 0.234
451010 0.469
452010 0.562
453010 0.5
454010 0.5
455010 0.438
456010 0.234
457010 0.218
458010 0.234
459010 0.235
460010 0.25
461010 0.266
462010 0.594
463010 0.5
464010 0.516
465010 0.516
466010 0.391
467010 0.25
468010 0.25
469010 0.25
470010 0.297
471010 0.265
472010 0.391
473010 0.515
474010 0.531
475010 0.516
476010 0.516
477010 0.25
478010 0.235
479010 0.234
480010 0.266
481010 0.25
482010 0.235
483010 0.547
484010 0.516
485010 0.531
486010 0.234
487010 0.25
488010 0.25
489010 0.266
490010 0.265
491010 0.266
492010 0.25
493010 0.25
494010 0.25
495010 0.547
496010 0.547
497010 0.5
498010 0.313
499010 0.265
500010 0.25
501010 0.25
502010 0.25
503010 0.563
504010 0.562
505010 0.594
506010 0.641
507010 0.296
508010 0.266
509010 0.25
510010 0.328
511010 0.282
512010 0.64
513010 0.562
514010 0.546
515010 0.641
516010 0.297
517010 0.266
518010 0.297
519010 0.266
520010 0.281
521010 0.266
522010 0.281
523010 0.265
524010 0.609
525010 0.75
526010 0.75
527010 0.296
528010 0.406
529010 0.39
530010 0.313
531010 0.61
532010 0.718
533010 0.672
534010 0.5
535010 0.281
536010 0.297
537010 0.281
538010 0.266
539010 0.282
540010 0.594
541010 0.594
542010 0.532
543010 0.281
544010 0.281
545010 0.281
546010 0.281
547010 0.281
548010 0.75
549010 0.687
550010 0.609
551010 0.328
552010 0.281
553010 0.282
554010 0.282
555010 0.296
556010 0.391
557010 0.625
558010 0.625
559010 0.312
560010 0.313
561010 0.312
562010 0.297
563010 0.297
564010 0.625
565010 0.625
566010 0.593
567010 0.578
568010 0.297
569010 0.344
570010 0.312
571010 0.328
572010 0.422
573010 0.625
574010 0.625
575010 0.641
576010 0.328
577010 0.296
578010 0.297
579010 0.312
580010 0.297
581010 0.297
582010 0.312
583010 0.312
584010 0.687
585010 0.641
586010 0.656
587010 0.406
588010 0.313
589010 0.312
590010 0.328
591010 0.297
592010 0.61
593010 0.734
594010 0.672
595010 0.375
596010 0.313
597010 0.313
598010 0.296
599010 0.297
600010 0.578
601010 0.657
602010 0.718
603010 0.625
604010 0.328
605010 0.328
606010 0.344
607010 0.313
608010 0.328
609010 0.328
610010 0.391
611010 0.672
612010 0.688
613010 0.313
614010 0.312
615010 0.313
616010 0.313
617010 0.328
618010 0.312
619010 0.313
620010 0.625
621010 0.703
622010 0.516
623010 0.344
624010 0.328
625010 0.343
626010 0.312
627010 0.329
628010 0.328
629010 0.578
630010 0.735
631010 0.562
632010 0.344
633010 0.328
634010 0.328
635010 0.344
636010 0.687
637010 0.75
638010 0.437
639010 0.36
640010 0.375
641010 0.344
642010 0.531
643010 0.766
644010 0.609
645010 0.328
646010 0.344
647010 0.344
648010 0.329
649010 0.75
650010 0.75
651010 0.375
652010 0.344
653010 0.344
654010 0.344
655010 0.36
656010 0.344
657010 0.359
658010 0.75
659010 0.844
660010 0.375
661010 0.375
662010 0.375
663010 0.36
664010 0.375
665010 0.36
666010 0.703
667010 0.75
668010 0.453
669010 0.344
670010 0.36
671010 0.359
672010 0.516
673010 0.766
674010 0.625
675010 0.375
676010 0.375
677010 0.36
678010 0.375
679010 0.375
680010 0.391
681010 0.813
682010 0.75
683010 0.75
684010 0.375
685010 0.375
686010 0.375
687010 0.359
688010 0.782
689010 0.781
690010 0.375
691010 0.391
692010 0.36
693010 0.391
694010 0.375
695010 0.375
696010 0.812
697010 0.797
698010 0.375
699010 0.375
700010 0.375
701010 0.39
702010 0.375
703010 0.391
704010 0.781
705010 0.813
706010 0.375
707010 0.375
708010 0.375
709010 0.375
710010 0.375
711010 0.375
712010 0.813
713010 0.797
714010 0.391
715010 0.391
716010 0.391
717010 0.406
718010 0.36
719010 0.391
720010 0.828
721010 0.781
722010 0.39
723010 0.391
724010 0.407
725010 0.454
726010 0.828
727010 0.687
728010 0.375
729010 0.375
730010 0.391
731010 0.39
732010 0.391
733010 0.547
734010 0.829
735010 0.844
736010 0.516
737010 0.39
738010 0.39
739010 0.391
740010 0.719
741010 0.828
742010 0.406
743010 0.39
744010 0.39
745010 0.406
746010 0.391
747010 0.422
748010 0.829
749010 0.797
750010 0.406
751010 0.39
752010 0.438
753010 0.673
754010 1.032
755010 0.844
756010 0.593
757010 1.344
758010 0.812
759010 0.875
760010 1.282
761010 0.5
762010 0.453
763010 0.438
764010 0.891
765010 0.844
766010 0.86
767010 0.422
768010 0.437
769010 0.437
770010 0.875
771010 1.172
772010 0.547
773010 0.516
774010 0.438
775010 0.923
776010 1.047
777010 0.469
778010 0.422
779010 0.5
780010 0.548
781010 0.969
782010 0.89
783010 0.485
784010 0.5
785010 0.406
786010 0.765
787010 0.875
788010 0.953
789010 0.406
790010 0.453
791010 0.453
792010 0.875
793010 1.047
794010 0.782
795010 0.422
796010 0.469
797010 0.422
798010 0.906
799010 0.921
800010 0.625
801010 0.515
802010 0.422
803010 0.422
804010 0.906
805010 0.906
806010 0.625
807010 0.406
808010 0.406
809010 0.438
810010 0.968
811010 0.891
812010 0.625
813010 0.437
814010 0.438
815010 0.422
816010 0.953
817010 0.921
818010 0.625
819010 0.422
820010 0.438
821010 0.437
822010 0.422
823010 0.5
824010 0.938
825010 0.969
826010 0.469
827010 0.453
828010 0.469
829010 0.766
830010 0.985
831010 0.937
832010 0.468
833010 0.485
834010 0.453
835010 0.937
836010 0.984
837010 0.75
838010 0.469
839010 0.469
840010 0.469
841010 0.468
842010 0.625
843010 0.984
844010 0.469
845010 0.469
846010 0.469
847010 0.468
848010 0.453
849010 0.922
850010 0.953
851010 0.453
852010 0.454
853010 0.453
854010 0.453
855010 0.453
856010 1.032
857010 1
858010 0.469
859010 0.469
860010 0.469
861010 0.5
862010 0.453
863010 1.031
864010 0.844
865010 0.453
866010 0.484
867010 0.484
868010 0.484
869010 0.937
870010 1.047
871010 0.765
872010 0.484
873010 0.484
874010 0.562
875010 1.094
876010 0.485
877010 0.485
878010 0.469
879010 0.828
880010 1.016
881010 0.844
882010 0.468
883010 0.485
884010 0.485
885010 1.047
886010 1.015
887010 0.468
888010 0.469
889010 0.485
890010 0.938
891010 1.016
892010 0.781
893010 0.484
894010 0.484
895010 0.532
896010 1.031
897010 1
898010 0.484
899010 0.468
900010 0.484
901010 0.969
902010 1.016
903010 0.734
904010 0.469
905010 0.484
906010 0.578
907010 1.063
908010 1.047
909010 0.485
910010 0.484
911010 0.484
912010 1.047
913010 1.015
914010 0.671
915010 0.485
916010 0.484
917010 0.703
918010 1.047
919010 1
920010 0.484
921010 0.5
922010 0.485
923010 1.031
924010 1.047
925010 0.5
926010 0.5
927010 0.485
928010 1.078
929010 1.062
930010 0.61
931010 0.5
932010 0.5
933010 0.843
934010 1.078
935010 0.859
936010 0.515
937010 0.5
938010 0.625
939010 1.062
940010 1.047
941010 0.5
942010 0.516
943010 0.5
944010 1.062
945010 1.078
946010 0.516
947010 0.5
948010 0.5
949010 1.079
950010 1.078
951010 0.609
952010 0.5
953010 0.515
954010 0.985
955010 1.093
956010 0.735
957010 0.531
958010 0.531
959010 0.938
960010 1.125
961010 0.781
962010 0.532
963010 0.531
964010 0.906
965010 1.125
966010 0.797
967010 0.531
968010 0.515
969010 0.907
970010 1.157
971010 0.75
972010 0.531
973010 0.516
974010 0.516
975010 0.515
976010 1.141
977010 0.61
978010 0.547
979010 0.516
980010 0.546
981010 0.828
982010 1.14
983010 0.875
984010 0.531
985010 0.531
986010 0.531
987010 0.562
988010 1.141
989010 1.156
990010 0.547
991010 0.546
992010 0.734
993010 1.157
994010 0.546
995010 0.532
996010 0.547
997010 1.172
998010 0.547
999010 0.547
