10 0
1010 0
2010 0
3010 0
4010 0
5010 0
6010 0
7010 0
8010 0
9010 0.015
10010 0
11010 0
12010 0
13010 0
14010 0.016
15010 0
16010 0
17010 0.015
18010 0
19010 0
20010 0.016
21010 0
22010 0.016
23010 0
24010 0.015
25010 0
26010 0.016
27010 0
28010 0.016
29010 0.015
30010 0
31010 0.016
32010 0.015
33010 0
34010 0.016
35010 0.016
36010 0.015
37010 0.016
38010 0.016
39010 0
40010 0.015
41010 0.016
42010 0.015
43010 0.016
44010 0.016
45010 0.015
46010 0.032
47010 0.015
48010 0.016
49010 0.015
50010 0.016
51010 0.016
52010 0.031
53010 0.016
54010 0.015
55010 0.031
56010 0.016
57010 0.031
58010 0.016
59010 0.016
60010 0.031
61010 0.015
62010 0.032
63010 0.031
64010 0.016
65010 0.015
66010 0.031
67010 0.032
68010 0.031
69010 0.031
70010 0.031
71010 0.032
72010 0.047
73010 0.016
74010 0.031
75010 0.031
76010 0.031
77010 0.032
78010 0.03
79010 0.031
80010 0.032
81010 0.031
82010 0.031
83010 0.031
84010 0.047
85010 0.032
86010 0.031
87010 0.031
88010 0.047
89010 0.031
90010 0.031
91010 0.031
92010 0.047
93010 0.031
94010 0.047
95010 0.032
96010 0.046
97010 0.047
98010 0.032
99010 0.047
100010 0.047
101010 0.031
102010 0.047
103010 0.047
104010 0.047
105010 0.046
106010 0.031
107010 0.047
108010 0.047
109010 0.047
110010 0.047
111010 0.062
112010 0.063
113010 0.047
114010 0.063
115010 0.047
116010 0.061
117010 0.063
118010 0.047
119010 0.063
120010 0.062
121010 0.047
122010 0.063
123010 0.046
124010 0.063
125010 0.047
126010 0.062
127010 0.063
128010 0.047
129010 0.062
130010 0.063
131010 0.062
132010 0.047
133010 0.063
134010 0.062
135010 0.062
136010 0.062
137010 0.063
138010 0.063
139010 0.062
140010 0.078
141010 0.063
142010 0.063
143010 0.062
144010 0.063
145010 0.062
146010 0.078
147010 0.063
148010 0.078
149010 0.063
150010 0.078
151010 0.062
152010 0.078
153010 0.062
154010 0.062
155010 0.078
156010 0.063
157010 0.078
158010 0.078
159010 0.078
160010 0.063
161010 0.078
162010 0.062
163010 0.079
164010 0.093
165010 0.078
166010 0.079
167010 0.078
168010 0.078
169010 0.094
170010 0.078
171010 0.078
172010 0.078
173010 0.094
174010 0.078
175010 0.094
176010 0.078
177010 0.078
178010 0.078
179010 0.078
180010 0.094
181010 0.094
182010 0.078
183010 0.093
184010 0.094
185010 0.078
186010 0.094
187010 0.094
188010 0.094
189010 0.078
190010 0.094
191010 0.078
192010 0.078
193010 0.093
194010 0.094
195010 0.094
196010 0.094
197010 0.094
198010 0.094
199010 0.109
200010 0.094
201010 0.094
202010 0.094
203010 0.094
204010 0.109
205010 0.11
206010 0.093
207010 0.11
208010 0.109
209010 0.11
210010 0.109
211010 0.109
212010 0.11
213010 0.109
214010 0.11
215010 0.109
216010 0.125
217010 0.11
218010 0.108
219010 0.11
220010 0.109
221010 0.125
222010 0.11
223010 0.125
224010 0.109
225010 0.125
226010 0.125
227010 0.11
228010 0.125
229010 0.109
230010 0.125
231010 0.109
232010 0.14
233010 0.125
234010 0.141
235010 0.109
236010 0.141
237010 0.125
238010 0.125
239010 0.125
240010 0.125
241010 0.125
242010 0.125
243010 0.124
244010 0.125
245010 0.141
246010 0.125
247010 0.125
248010 0.141
249010 0.141
250010 0.125
251010 0.14
252010 0.141
253010 0.125
254010 0.141
255010 0.14
256010 0.141
257010 0.141
258010 0.14
259010 0.125
260010 0.141
261010 0.14
262010 0.141
263010 0.14
264010 0.141
265010 0.141
266010 0.14
267010 0.141
268010 0.155
269010 0.141
270010 0.156
271010 0.141
272010 0.141
273010 0.155
274010 0.141
275010 0.156
276010 0.156
277010 0.156
278010 0.157
279010 0.156
280010 0.156
281010 0.156
282010 0.157
283010 0.156
284010 0.156
285010 0.156
286010 0.156
287010 0.172
288010 0.156
289010 0.172
290010 0.172
291010 0.156
292010 0.173
293010 0.172
294010 0.187
295010 0.172
296010 0.172
297010 0.172
298010 0.172
299010 0.172
300010 0.171
301010 0.172
302010 0.172
303010 0.172
304010 0.172
305010 0.172
306010 0.203
307010 0.172
308010 0.187
309010 0.172
310010 0.203
311010 0.172
312010 0.171
313010 0.188
314010 0.187
315010 0.172
316010 0.204
317010 0.187
318010 0.187
319010 0.188
320010 0.187
321010 0.188
322010 0.188
323010 0.188
324010 0.187
325010 0.188
326010 0.218
327010 0.204
328010 0.203
329010 0.188
330010 0.28
331010 0.25
332010 0.203
333010 0.203
334010 0.188
335010 0.219
336010 0.203
337010 0.203
338010 0.204
339010 0.203
340010 0.218
341010 0.219
342010 0.203
343010 0.218
344010 0.204
345010 0.234
346010 0.219
347010 0.219
348010 0.219
349010 0.218
350010 0.219
351010 0.219
352010 0.234
353010 0.25
354010 0.266
355010 0.282
356010 0.234
357010 0.219
358010 0.233
359010 0.235
360010 0.219
361010 0.218
362010 0.218
363010 0.219
364010 0.219
365010 0.218
366010 0.219
367010 0.234
368010 0.219
369010 0.219
370010 0.219
371010 0.249
372010 0.234
373010 0.219
374010 0.282
375010 0.297
376010 0.281
377010 0.234
378010 0.235
379010 0.234
380010 0.25
381010 0.235
382010 0.235
383010 0.25
384010 0.249
385010 0.235
386010 0.25
387010 0.265
388010 0.251
389010 0.25
390010 0.249
391010 0.251
392010 0.25
393010 0.266
394010 0.343
395010 0.36
396010 0.25
397010 0.25
398010 0.25
399010 0.25
400010 0.266
401010 0.249
402010 0.25
403010 0.251
404010 0.266
405010 0.25
406010 0.265
407010 0.265
408010 0.267
409010 0.265
410010 0.265
411010 0.266
412010 0.281
413010 0.266
414010 0.281
415010 0.266
416010 0.281
417010 0.266
418010 0.281
419010 0.281
420010 0.282
421010 0.296
422010 0.282
423010 0.281
424010 0.297
425010 0.281
426010 0.266
427010 0.281
428010 0.281
429010 0.297
430010 0.328
431010 0.359
432010 0.266
433010 0.281
434010 0.281
435010 0.297
436010 0.282
437010 0.281
438010 0.313
439010 0.281
440010 0.297
441010 0.281
442010 0.296
443010 0.297
444010 0.328
445010 0.297
446010 0.281
447010 0.375
448010 0.329
449010 0.281
450010 0.297
451010 0.297
452010 0.297
453010 0.297
454010 0.36
455010 0.297
456010 0.297
457010 0.296
458010 0.328
459010 0.298
460010 0.328
461010 0.297
462010 0.312
463010 0.328
464010 0.312
465010 0.313
466010 0.328
467010 0.312
468010 0.313
469010 0.313
470010 0.297
471010 0.312
472010 0.313
473010 0.343
474010 0.313
475010 0.312
476010 0.328
477010 0.329
478010 0.328
479010 0.343
480010 0.328
481010 0.328
482010 0.344
483010 0.328
484010 0.328
485010 0.375
486010 0.329
487010 0.328
488010 0.343
489010 0.329
490010 0.344
491010 0.374
492010 0.344
493010 0.344
494010 0.327
495010 0.344
496010 0.36
497010 0.344
498010 0.344
499010 0.344
500010 0.359
501010 0.344
502010 0.343
503010 0.344
504010 0.344
505010 0.344
506010 0.36
507010 0.343
508010 0.359
509010 0.344
510010 0.359
511010 0.344
512010 0.344
513010 0.39
514010 0.359
515010 0.36
516010 0.344
517010 0.344
518010 0.359
519010 0.407
520010 0.359
521010 0.36
522010 0.375
523010 0.374
524010 0.391
525010 0.375
526010 0.36
527010 0.39
528010 0.375
529010 0.391
530010 0.374
531010 0.375
532010 0.375
533010 0.375
534010 0.375
535010 0.422
536010 0.391
537010 0.375
538010 0.39
539010 0.375
540010 0.375
541010 0.39
542010 0.391
543010 0.375
544010 0.391
545010 0.406
546010 0.391
547010 0.39
548010 0.391
549010 0.39
550010 0.422
551010 0.391
552010 0.39
553010 0.391
554010 0.391
555010 0.453
556010 0.39
557010 0.39
558010 0.391
559010 0.406
560010 0.453
561010 0.423
562010 0.406
563010 0.406
564010 0.422
565010 0.453
566010 0.407
567010 0.406
568010 0.422
569010 0.406
570010 0.407
571010 0.406
572010 0.407
573010 0.405
574010 0.422
575010 0.422
576010 0.438
577010 0.422
578010 0.422
579010 0.422
580010 0.422
581010 0.454
582010 0.421
583010 0.422
584010 0.437
585010 0.422
586010 0.469
587010 0.422
588010 0.422
589010 0.422
590010 0.454
591010 0.437
592010 0.422
593010 0.437
594010 0.438
595010 0.438
596010 0.437
597010 0.422
598010 0.452
599010 0.453
600010 0.438
601010 0.437
602010 0.438
603010 0.421
604010 0.469
605010 0.438
606010 0.438
607010 0.452
608010 0.485
609010 0.454
610010 0.453
611010 0.469
612010 0.453
613010 0.5
614010 0.453
615010 0.453
616010 0.453
617010 0.5
618010 0.454
619010 0.468
620010 0.453
621010 0.453
622010 0.469
623010 0.469
624010 0.469
625010 0.515
626010 0.516
627010 0.484
628010 0.499
629010 0.5
630010 0.5
631010 0.532
632010 0.5
633010 0.484
634010 0.563
635010 0.594
636010 0.516
637010 0.656
638010 0.749
639010 0.578
640010 0.594
641010 0.531
642010 0.485
643010 0.5
644010 0.5
645010 0.5
646010 0.516
647010 0.499
648010 0.766
649010 0.797
650010 0.547
651010 0.578
652010 0.734
653010 0.75
654010 0.845
655010 1.046
656010 0.829
657010 1.358
658010 1.173
659010 0.797
660010 0.64
661010 0.516
662010 0.531
663010 0.516
664010 0.891
665010 1.094
666010 0.702
667010 0.5
668010 0.625
669010 0.594
670010 0.562
671010 0.641
672010 0.594
673010 0.563
674010 0.547
675010 0.563
676010 0.562
677010 0.548
678010 0.547
679010 0.562
680010 0.563
681010 0.531
682010 0.531
683010 0.642
684010 0.562
685010 0.579
686010 0.656
687010 0.688
688010 1.156
689010 1.015
690010 0.579
691010 0.562
692010 0.61
693010 0.609
694010 0.61
695010 0.562
696010 0.61
697010 0.579
698010 0.593
699010 0.61
700010 0.61
701010 0.593
702010 0.595
703010 0.625
704010 0.61
705010 0.593
706010 0.812
707010 1.141
708010 0.907
709010 0.625
710010 0.594
711010 0.61
712010 0.625
713010 0.625
714010 1.109
715010 1.172
716010 0.624
717010 0.625
718010 0.703
719010 0.672
720010 0.61
721010 0.593
722010 0.626
723010 1.062
724010 1.173
725010 0.75
726010 0.656
727010 0.656
728010 0.625
729010 0.703
730010 0.625
731010 0.625
732010 0.626
733010 0.64
734010 0.641
735010 0.641
736010 0.64
737010 0.641
738010 0.624
739010 0.641
740010 0.687
741010 0.672
742010 0.906
743010 1.25
744010 0.875
745010 0.641
746010 0.641
747010 0.641
748010 0.64
749010 0.688
750010 0.719
751010 0.657
752010 0.781
753010 0.656
754010 0.656
755010 0.906
756010 0.922
757010 0.765
758010 0.907
759010 0.702
760010 0.704
761010 1.187
762010 1.313
763010 0.876
764010 0.937
765010 0.751
766010 0.827
767010 0.704
768010 0.875
769010 1.5
770010 0.813
771010 0.718
772010 0.672
773010 0.672
774010 0.688
775010 1.188
776010 1.25
777010 0.703
778010 0.719
779010 0.797
780010 0.718
781010 0.828
782010 0.671
783010 0.704
784010 0.672
785010 0.703
786010 1.203
787010 1.328
788010 0.906
789010 0.86
790010 0.984
791010 1.015
792010 1.422
793010 1
794010 0.859
795010 0.874
796010 0.954
797010 0.86
798010 0.905
799010 0.922
800010 0.766
801010 0.734
802010 0.781
803010 0.782
804010 0.985
805010 0.953
806010 0.845
807010 0.859
808010 0.828
809010 1.063
810010 1.562
811010 0.781
812010 0.844
813010 0.843
814010 0.875
815010 0.843
816010 0.86
817010 0.766
818010 0.781
819010 1.391
820010 1.469
821010 0.765
822010 0.828
823010 0.906
824010 1.032
825010 1.438
826010 1.031
827010 0.781
828010 0.89
829010 0.781
830010 0.86
831010 0.845
832010 0.765
833010 0.767
834010 1.061
835010 1.469
836010 1
837010 0.828
838010 0.907
839010 0.875
840010 0.922
841010 1.328
842010 1.5
843010 0.89
844010 0.782
845010 0.875
846010 0.859
847010 0.953
848010 0.844
849010 0.813
850010 0.797
851010 0.921
852010 1.734
853010 1.047
854010 0.797
855010 0.781
856010 0.813
857010 0.781
858010 0.828
859010 0.844
860010 1.61
861010 1.187
862010 0.781
863010 0.812
864010 0.922
865010 0.765
866010 0.797
867010 0.828
868010 1.141
869010 1.5
870010 0.828
871010 0.782
872010 0.781
873010 0.812
874010 1.328
875010 1.344
876010 0.797
877010 0.796
878010 0.859
879010 0.86
880010 1.5
881010 1.062
882010 0.797
883010 0.782
884010 0.781
885010 1.063
886010 1.516
887010 0.906
888010 0.781
889010 0.797
890010 0.797
891010 0.812
892010 0.828
893010 0.828
894010 1.5
895010 1.235
896010 0.812
897010 0.844
898010 0.812
899010 1.047
900010 1.531
901010 0.938
902010 0.814
903010 0.889
904010 0.813
905010 0.828
906010 0.828
907010 0.828
908010 0.828
909010 0.828
910010 0.844
911010 0.859
912010 1.548
913010 1.141
914010 0.844
915010 0.828
916010 0.828
917010 0.875
918010 0.845
919010 0.844
920010 0.843
921010 0.844
922010 0.875
923010 0.906
924010 0.828
925010 0.86
926010 1.187
927010 1.625
928010 0.89
929010 0.875
930010 0.89
931010 1.141
932010 1.734
933010 0.922
934010 0.843
935010 0.89
936010 0.86
937010 0.875
938010 1.531
939010 1.281
940010 0.86
941010 0.906
942010 0.891
943010 0.89
944010 0.891
945010 0.89
946010 0.844
947010 1.454
948010 1.359
949010 0.86
950010 0.89
951010 0.859
952010 1.281
953010 1.531
954010 0.921
955010 0.875
956010 0.891
957010 0.922
958010 1
959010 1.688
960010 1.094
961010 0.89
962010 0.891
963010 0.89
964010 0.89
965010 0.89
966010 0.937
967010 1.141
968010 1.704
969010 0.938
970010 0.89
971010 0.907
972010 1.171
973010 1.735
974010 0.921
975010 0.923
976010 0.906
977010 0.906
978010 0.906
979010 0.906
980010 1.532
981010 1.438
982010 0.906
983010 0.923
984010 0.937
985010 0.906
986010 0.922
987010 0.907
988010 0.922
989010 0.999
990010 0.922
991010 0.954
992010 1.53
993010 1.406
994010 0.937
995010 0.97
996010 1.015
997010 1.718
998010 1.266
999010 0.937
